id	next	previous	captioning	pos	angle	audio	launchAngle
74	75	-1		-0.847607,6.93857,-11.80931	-0.02356308,0,0.9997224		8.850062
75	-1	74		-1.501978,6.75,64.73165	0.05233264,0,0.9986297		35.40005
1	2	-1	東大医研	22.36316,7.607028,113.9932	0.9998322,0,-0.01832569		5.100047
2	3	1		47.90782,7.179703,154.4743	0.985996,0,0.1667692		7.200053
3	4	2		77.05306,7.677471,187.7611	0.9999863,0,0		4.800054
4	5	3		98.98829,7.677471,192.5339	0.9999863,0,0		4.800054
5	6	4		99.09289,6.75,172.5709	0.9996574,0,-0.02617478		25.05005
6	7	5		113.1168,6.75,167.4742	0.9999965,0,0		45.60004
7	8	6		113.1046,6.75,162.8093	0.9999965,0,0		45.60004
8	9	7		113.0838,6.75,154.8239	0.9999965,0,0		45.60004
9	10	8		113.0611,6.75,146.173	0.9999965,0,0		45.60004
10	11	9		113.0141,6.75,128.1871	0.9999965,0,0		45.60004
11	12	10		112.9967,6.75,121.5295	0.9999965,0,0		45.60004
12	13	11		112.9462,6.75,102.2189	0.9999965,0,0		45.60004
13	14	12		112.9254,6.75,94.23349	0.9999965,0,0		45.60004
14	15	13		112.9062,6.75,86.91353	0.9999965,0,0		45.60004
15	17	14		95.09575,11.25,118.9498	0.9999863,0,0		-15.59998
16	75	16		74.13045,9.22053,41.13748	0.815128,0,0.5792809		-0.7499695
17	18	-1	阪大微研	115.6935,7.378072,48.38858	0.9984891,0,-0.05494964		6.150043
18	19	17		134.0305,8.517793,54.86075	0.9999863,0,0		1.650042
19	16	18		134.1177,8.517793,38.20879	0.9999863,0,0		1.650042
20	21	19		-32.5579,6.75,133.0352	-0.9995356,0,0.03047514		12.18244
21	22	20		-74.7396,8.648022,47.28747	-0.9975013,0,0.07062743		1.200003
22	23	21		-101.5282,7.538742,34.89086	-0.9999849,0,0		5.400004
23	24	22		-118.6443,6.75,54.15515	-0.9999949,0,0		44.85002
24	25	23		-118.6252,6.75,61.47511	-0.9999949,0,0		44.85002
25	26	24		-118.6096,6.75,67.46416	-0.9999949,0,0		44.85002
26	27	25		-118.5869,6.75,76.11503	-0.9999949,0,0		44.85002
27	28	26		-118.5522,6.75,89.42405	-0.9999949,0,0		44.85002
28	29	27		-118.533,6.75,96.74401	-0.9999949,0,0		44.85002
29	30	28		-118.5121,6.75,104.7374	-0.9999949,0,0		44.85002
30	31	29		-118.4947,6.75,111.3919	-0.9999949,0,0		44.85002
31	32	30		-118.4547,6.75,126.6999	-0.9999949,0,0		44.85002
32	33	31		-118.439,6.75,132.6937	-0.9999949,0,0		44.85002
33	34	32		-118.4199,6.75,140.0137	-0.9999949,0,0		44.85002
34	35	33		-94.11365,11.25,98.04025	-0.9999677,0,0		-20.54996
35	36	34		-102.5362,6.8229,179.0945	-0.9999676,0,0		10.05004
36	37	35		-131.8107,8.867531,174.1531	-0.9999436,0,0.01047095		0.4500354
37	38	36		-131.6712,8.867531,187.4743	-0.9999436,0,0.01047095		0.4500354
38	75	37		-74.32604,8.999989,195.1726	-0.6787987,0,-0.7343221		4.089251E-05
39	40	-1	北大人獣	-13.55806,6.75,208.036	0.0104675,0,0.9999436		12.45
40	41	39		-44.29992,6.812168,207.6566	-0.1899633,0,0.9817896		10.2
41	42	40		-85.72345,6.921271,256.7285	-0.07586024,0,0.9971169		9.000004
42	43	41		-122.1571,7.713477,315.8447	0,0,0.999995		4.650002
43	44	42		-102.7765,6.75,334.3924	0,0,0.9999984		52.20004
44	45	43		-94.78407,6.75,334.3924	0,0,0.9999984		52.20004
45	46	44		-85.45629,6.75,334.3924	0,0,0.9999984		52.20004
46	47	45		-78.80006,6.75,334.3924	0,0,0.9999984		52.20004
47	48	46		-66.14413,6.75,334.3924	0,0,0.9999984		52.20004
48	49	47		-58.15204,6.75,334.3924	0,0,0.9999984		52.20004
49	50	48		-48.83573,6.75,334.3924	0,0,0.9999984		52.20004
50	51	49		-41.51577,6.75,334.3924	0,0,0.9999984		52.20004
51	52	50		-48.21219,6.75,325.3452	0.9717513,0,0.2360009		29.85003
52	53	51		-32.96891,6.75,320.1488	0.9998752,0,-0.01569553		54.15003
53	54	52		-33.07692,6.75,312.8239	0.9999951,0,0		53.10001
54	55	53		-81.33746,11.24957,327.4482	0.01569534,0,0.9998752		-11.84998
55	56	54		-104.9776,6.975563,245.6135	-0.9999453,0,0.01046807		8.550038
56	57	55		-130.9902,8.304701,241.9506	-0.9999453,0,0.01046807		2.400039
57	58	56		-130.8577,8.304701,254.5936	-0.9999453,0,0.01046807		2.400039
58	75	57		-9.49283,9.695278,265.5483	-0.8750439,0,0.4840437		-2.399963
59	60	-1	長大熱研	81.81931,6.938573,201.7183	0,0,0.9999965		8.850039
60	61	59		36.08804,6.921268,252.3989	0.06017461,0,0.9981878		9.000039
61	62	60		29.67527,7.3181,316.173	-0.0209453,0,0.9997806		6.450039
62	63	61		51.24682,6.75,338.9653	0,0,1		48.00005
63	64	62		56.57515,6.75,338.9653	0,0,1		48.00005
64	65	63		65.22601,6.75,338.9653	0,0,1		48.00005
65	66	64		76.53868,6.75,338.9653	0,0,1		48.00005
66	67	65		87.1859,6.75,338.9653	0,0,1		48.00005
67	68	66		95.84599,6.75,338.9653	0,0,1		48.00005
68	69	67		105.171,6.75,338.9653	0,0,1		48.00005
69	70	68		112.5265,6.75,338.9653	0,0,1		48.00005
70	71	69		76.9792,11.25,324.6857	-0.01309253,0,0.9999143		-13.94995
71	72	70		30.24245,7.713465,275.4436	-0.9999692,0,0		4.650054
72	73	71		30.35738,7.713465,290.0832	-0.9999692,0,0		4.650054
73	75	72		104.4778,9.568092,259.3041	-0.5941237,0,0.8043737		-1.949951

